Cluster 0
merge: 0.03352050935379951
section: 0.030566599060072253
links: 0.030286181359757334
merge timeline: 0.02745595876807933
timeline: 0.02745595876807933
article: 0.027149992953484928
external: 0.025708619265453116
external links: 0.025708619265453116
links modified: 0.02460355786414171
modified: 0.02460355786414171
industry: 0.023876478283761757
history: 0.023534990044356295
streaming: 0.020642201834862386
statistics: 0.01677948723977668
lawsuits: 0.016055045871559634
history section: 0.015008074760583748
fuel cells: 0.01456617651625203
cells: 0.01456617651625203
fuel: 0.01456617651625203
needed: 0.01409829352079046
countries: 0.013004750422481745
reading: 0.011917780786024386
sources: 0.011917780786024386
reading sources: 0.011917780786024386
statistics section: 0.011263093027683357

Cluster 1
assignment: 0.31105697438590657
education: 0.31105697438590657
wiki education: 0.31105697438590657
wiki: 0.31105697438590657
course assignment: 0.23126623555188203
education foundation: 0.23126623555188203
supported course: 0.23126623555188203
supported: 0.23126623555188203
foundation supported: 0.23126623555188203
foundation: 0.23126623555188203
course: 0.23126623555188203
education assignment: 0.12302798549790324
information: 0.02535116206185975
industrial: 0.023987082633626415
technology: 0.023496789896975564
study: 0.022377485913512025
factory: 0.0
facts: 0.0
facts disputed: 0.0
falling: 0.0
falling prices: 0.0
wrong: 0.0
file: 0.0
file used: 0.0
fish: 0.0

Cluster 2
discussion: 0.6994038208600378
listed discussion: 0.3497019104300189
discussion discussion: 0.3497019104300189
listed: 0.3497019104300189
software: 0.06707807813059088
2007: 0.06294216822059898
major: 0.06222732358313635
list: 0.06222732358313635
largest: 0.062226152131889804
companies: 0.05761813090860971
file used: 0.0
facts: 0.0
facts disputed: 0.0
factory: 0.0
falling: 0.0
falling prices: 0.0
file: 0.0
wrong: 0.0
food: 0.0
fish: 0.0
fish factory: 0.0
focus: 0.0
external: 0.0
foundation: 0.0
foundation supported: 0.0

