Cluster 0
section: 0.010190287222094124
industry: 0.009954521296474273
article: 0.00911891589439787
power: 0.00799160999708391
like: 0.00765372381611432
music: 0.007004157566832575
countries: 0.006867447158711534
support: 0.006727474911164111
preceding: 0.006594852053292429
generation: 0.006294885368208418
page: 0.0059824614989143305
electricity: 0.005748168320626945
sales: 0.005542702016255569
arms: 0.005516652469773448
discussion: 0.005304779650004984
energy: 0.005267664176682159
list: 0.00522258789213335
data: 0.0051314639043463445
software: 0.004958995724433826
table: 0.004813263881166275
merge: 0.004757085958577036
history: 0.004668157647536313
articles: 0.004488841897176344
thanks: 0.0044283797713987735
film: 0.004418280418386002

Cluster 1
small undated: 0.15348733395163977
message substituted: 0.15348733395163977
undated: 0.15348733395163977
undated message: 0.15348733395163977
wiki education: 0.15348733395163977
education foundation: 0.15348733395163977
supported course: 0.15348733395163977
foundation supported: 0.15348733395163977
details available: 0.15348733395163977
available student: 0.15348733395163977
article subject: 0.15348733395163977
course assignment: 0.15348733395163977
student editor: 0.15348733395163977
subject wiki: 0.15348733395163977
student: 0.15135564627829748
supported: 0.15135564627829748
foundation: 0.15135564627829748
substituted: 0.15135564627829748
message: 0.14934583767974907
education: 0.14744472183505655
editor small: 0.14726552096485085
assignment: 0.1439255794714576
available: 0.14228983905904133
wiki: 0.14228983905904133
details: 0.14072682272192505

Cluster 2
changes: 0.19869399616890682
links: 0.15809232394452735
added: 0.13782379616619325
added added: 0.12952579264702305
sourcecheck: 0.11797469110987911
external: 0.1111418243270018
changes added: 0.09367751489706619
changes follow: 0.08761930845405562
template fix: 0.08761930845405562
needhelp cheers: 0.08761930845405562
needhelp: 0.08761930845405562
checkedfalse needhelp: 0.08761930845405562
follow instructions: 0.08761930845405562
fix issues: 0.08761930845405562
instructions: 0.08761930845405562
instructions template: 0.08761930845405562
issues urls: 0.08761930845405562
urls: 0.08761930845405562
modified external: 0.08761930845405562
urls sourcecheck: 0.08761930845405562
follow: 0.0865039479044017
template: 0.07909253539256687
checkedfalse: 0.07909253539256687
sourcecheck checkedfalse: 0.07909253539256687
ignore links: 0.07822372476083064

