Cluster 0
merge: 0.03451985457038653
section: 0.028444297034827527
timeline: 0.02836681995943741
merge timeline: 0.02836681995943741
article: 0.02389656000601197
streaming: 0.02132701421800948
history: 0.020583410787404634
lawsuits: 0.016587677725118485
industry: 0.01570033734929258
history section: 0.015505972975389843
statistics: 0.015504240751909228
cells: 0.015049414599729586
fuel cells: 0.015049414599729586
fuel: 0.015049414599729586
countries: 0.012439015992826104
sources: 0.012313157399778748
reading: 0.012313157399778748
reading sources: 0.012313157399778748
needed: 0.012039154990905637
statistics section: 0.011636750142345838
proposal: 0.009936618369617789
merger: 0.009651224369688299
merger proposal: 0.009651224369688299
untitled: 0.009478672985781991
producers: 0.009478672985781991

Cluster 1
foundation supported: 0.30835498073584267
education foundation: 0.30835498073584267
foundation: 0.30835498073584267
course: 0.30835498073584267
supported: 0.30835498073584267
supported course: 0.30835498073584267
course assignment: 0.30835498073584267
wiki education: 0.2891454828402938
wiki: 0.2891454828402938
assignment: 0.2891454828402938
education: 0.2891454828402938
external links: 0.0
facts disputed: 0.0
fair: 0.0
fair use: 0.0
falling: 0.0
facts: 0.0
factory: 0.0
exports: 0.0
external: 0.0
exports 14: 0.0
february: 0.0
exporters: 0.0
exporter arms: 0.0
exporter: 0.0

Cluster 2
external links: 0.4408702614113219
external: 0.4408702614113219
links modified: 0.42152229083858367
modified: 0.42152229083858367
links: 0.41377790563303174
2018: 0.032113104314264306
modified january: 0.01745843908358599
january 2018: 0.01745843908358599
february 2018: 0.01681073343243411
modified february: 0.01681073343243411
february: 0.01681073343243411
january: 0.013383876563772094
exporter arms: 0.0
exporters: 0.0
falling prices: 0.0
falling: 0.0
ethical_dimension: 0.0
fair use: 0.0
fair: 0.0
facts disputed: 0.0
facts: 0.0
factory: 0.0
ethical_dimension ethical: 0.0
euromonitor: 0.0
expansion: 0.0

